59 5
60 5
285 5
286 6
317 7
1042 11
1064 6
9131 6
9146 17
14833 22
14858 5
18288 5
18290 7
18302 7
18309 9
18322 5
18355 9
18356 5
18385 6
18465 5
18487 5
18488 10
18505 6
18517 5
18518 8
18543 65
18551 7
18552 5
18587 10
18588 6
18593 6
18621 7
18622 55
18635 7
18677 5
18679 5
18680 8
18717 6
18719 5
18720 7
18749 8
18750 9
18761 7
18795 7
18796 7
18811 9
18820 5
18826 8
18883 7
18885 5
18886 6
18924 4
18965 5
19203 7
19244 7
19342 5
19343 8
19448 5
19483 5
19496 5
19595 8
19599 6
19637 17
19638 10
19671 5
19751 5
19753 10
19780 6
19877 4
19948 5
19954 19
19992 7
19999 5
20073 6
20082 6
20118 5
20207 19
20256 9
20295 6
20298 6
20317 7
20360 7
20397 5
20463 11
20472 4
20479 7
20513 5
20598 5
20715 6
20784 5
20818 7
20939 4
20945 4
20987 7
21033 5
21178 4
21417 5
21418 5
21447 9
21507 7
21515 7
21569 7
21685 5
21854 8
21894 7
21902 8
21966 4
22063 7
22135 22
22223 7
22256 6
22263 6
22274 5
22280 5
22320 6
22360 5
22363 5
22447 7
22460 8
22572 5
22636 8
22672 7
22679 5
22725 5
22745 5
22793 6
22830 6
22845 6
22864 4
22890 6
23030 4
23062 5
23086 6
23215 7
23325 5
23424 4
23445 5
23491 5
23498 4
23597 10
23662 5
23723 14
23735 8
23753 8
23762 10
23858 6
23912 5
23947 10
24005 8
24102 8
24260 38
24261 5
24356 20
24397 17
24399 6
24403 7
24441 83
24518 4
24598 5
24668 29
24673 4
24708 4
24739 48
24750 12
24784 5
24792 6
24804 6
24819 7
24858 5
24934 4
24941 4
24964 4
24975 8
25000 11
25043 5
25070 5
25094 5
25125 5
25131 13
25166 4
25185 4
25262 5
25385 4
25403 4
25431 7
25442 4
25467 5
25470 5
25483 9
25576 4
25588 6
25617 4
25694 5
25697 6
25724 4
25727 4
25740 4
25746 7
25749 7
25795 7
25814 5
25824 4
25871 4
25876 5
25893 6
25900 7
25919 7
25922 21
25948 7
25955 4
25960 7
25980 4
25986 7
26069 7
26097 8
26114 5
26205 5
26237 5
26249 5
26283 5
26296 4
26315 7
26341 7
26365 5
26434 4
26445 5
26502 5
26525 4
26532 7
26537 4
26538 6
26590 5
26642 5
26651 6
26666 73
26692 4
26721 8
26755 8
26788 7
26843 4
26854 9
26865 4
26953 6
26973 7
27068 5
27105 4
27180 5
27223 7
27224 4
27241 5
27283 71
27286 8
27299 5
27335 5
27342 6
27343 4
27362 8
27441 5
27538 4
27569 4
27574 5
27605 6
27630 5
27632 6
27637 5
27645 4
27662 6
27664 7
27680 5
27745 6
27747 5
27771 7
27844 4
27867 7
27900 4
27988 5
27989 7
28015 4
28046 5
28052 5
28054 5
28059 8
28079 6
28093 7
28098 4
28118 5
28127 22
28190 7
28196 4
28252 4
28273 4
28277 4
28284 5
28318 7
28398 6
28453 8
28522 5
28649 9
28653 8
28657 6
28678 5
28748 4
28769 5
28798 7
28845 4
28889 5
28897 8
9 6
28897 8
