156 2
220 2
284 3
412 2
476 3
540 6
650 3
714 2
778 7
842 2
906 2
970 2
1140 2
1204 2
1268 2
1332 2
1396 2
1460 5
1524 2
1588 2
1652 2
1716 1
1780 3
1844 2
1908 2
1972 3
2036 2
2100 2
2164 15
2228 3
2292 2
2356 3
2420 5
2484 2
2548 2
2612 2
2676 4
2740 3
2804 5
2868 2
2932 2
2996 2
3060 3
3124 6
3188 5
3252 4
3316 5
3380 2
3444 2
3508 2
3572 3
3636 8
3700 123
3764 2
3828 4
3892 2
3956 7
4020 3
4084 2
4148 2
4212 3
4276 2
4340 2
4404 9
4468 4
4532 2
4596 2
4660 2
4724 2
4788 7
4852 2
4916 3
4980 2
5044 3
5108 5
5172 2
5236 3
5300 4
5364 2
5428 6
5492 46
5556 8
5620 2
5684 2
5748 2
5812 2
5876 2
5940 3
6004 2
6068 2
6132 3
6196 3
6260 2
6324 3
6388 3
6452 3
6516 3
6580 6
6644 4
6708 2
6772 72
6836 2
6900 3
6964 2
7028 2
7092 2
7156 2
7220 2
7284 2
7348 4
7412 2
7476 4
7540 2
7604 2
7668 2
7732 3
7796 3
7860 2
7924 2
7988 3
8052 3
8116 2
8180 2
8246 2
8310 7
8374 3
8438 2
8502 12
8566 36
8630 3
8694 2
8758 2
8822 3
8886 6
8950 2
9014 2
9078 2
9166 2
9230 3
9294 4
9358 5
9422 3
9486 2
9550 3
9614 2
9678 3
9742 4
9806 3
9870 2
9934 2
9998 2
10062 2
10126 2
10190 3
10254 5
10318 3
10382 2
10446 4
10510 5
10574 2
10638 2
10702 2
10766 3
10830 5
10894 2
10958 4
11022 63
11086 2
11150 2
11214 2
11278 2
11342 3
11406 2
11470 4
11534 3
11598 3
11662 2
11726 5
11790 2
11854 2
11918 4
11982 3
12046 3
12110 6
12174 2
12238 4
12302 3
12366 2
12430 5
12494 4
12558 2
12622 2
12686 2
12750 3
12814 3
12878 2
12942 4
13006 3
13070 3
13134 2
13198 2
13262 3
13376 4
13440 23
13504 2
13568 2
13632 4
13696 3
13760 3
13824 3
13888 4
13952 2
14016 2
14080 2
14144 2
14208 2
14272 3
14336 2
14400 2
14464 2
14528 3
14592 3
14656 3
14720 4
14784 2
14894 2
14958 3
15022 2
15086 2
15150 2
15214 3
15278 5
15342 3
15406 2
15470 6
15534 3
15598 2
15662 11
15726 4
15790 6
15854 3
15918 2
15982 2
16046 2
16110 3
16174 2
16238 4
16302 2
16366 3
16430 4
16494 2
16558 5
16622 4
16686 3
16750 3
16814 2
16878 2
16942 2
17020 2
17130 4
17194 3
17302 2
17366 3
17428 2
17492 3
17556 3
17620 4
17684 2
17748 4
17812 26
17876 2
17940 2
18004 2
18124 2
18188 6
18252 7
18440 2
